# ptZZ
# underflow	  0.0000000    	  0.0000000    
# overflow	  0.0000000    	  0.0000000    
# sum	  1.5454565    	 0.95423459E-03
# xmin	xmax	cross	numerror
  0.0000000    	  25.000000    	  1.5454565    	 0.95423459E-03
  25.000000    	  50.000000    	  0.0000000    	  0.0000000    
  50.000000    	  75.000000    	  0.0000000    	  0.0000000    
  75.000000    	  100.00000    	  0.0000000    	  0.0000000    
  100.00000    	  150.00000    	  0.0000000    	  0.0000000    
  150.00000    	  200.00000    	  0.0000000    	  0.0000000    
  200.00000    	  14000.000    	  0.0000000    	  0.0000000    
