# ptl2
# underflow	  0.0000000    	  0.0000000    
# overflow	-0.23394348E-01	 0.62143411E-04
# sum	-0.15417237    	 0.15680383E-03
# xmin	xmax	cross	numerror
  0.0000000    	  15.000000    	  0.0000000    	  0.0000000    
  15.000000    	  30.000000    	-0.17263579E-02	 0.25654520E-04
  30.000000    	  45.000000    	-0.19344976E-01	 0.72787027E-04
  45.000000    	  60.000000    	-0.30865485E-01	 0.63798840E-04
  60.000000    	  75.000000    	-0.22493141E-01	 0.52963327E-04
  75.000000    	  90.000000    	-0.16074111E-01	 0.46002643E-04
  90.000000    	  105.00000    	-0.12995249E-01	 0.42288286E-04
  105.00000    	  120.00000    	-0.10870501E-01	 0.39340207E-04
  120.00000    	  135.00000    	-0.90980573E-02	 0.36718623E-04
  135.00000    	  150.00000    	-0.73101420E-02	 0.33070729E-04
