# ptl2
# underflow	  0.0000000    	  0.0000000    
# overflow	 0.30756868E-01	 0.21365487E-03
# sum	  1.4754091    	 0.14097362E-02
# xmin	xmax	cross	numerror
  0.0000000    	  15.000000    	  0.0000000    	  0.0000000    
  15.000000    	  30.000000    	 0.32411052E-01	 0.26668013E-03
  30.000000    	  45.000000    	 0.39729970    	 0.84985939E-03
  45.000000    	  60.000000    	 0.46602870    	 0.71068793E-03
  60.000000    	  75.000000    	 0.25297085    	 0.52213983E-03
  75.000000    	  90.000000    	 0.13537188    	 0.40245282E-03
  90.000000    	  105.00000    	 0.75381024E-01	 0.30682274E-03
  105.00000    	  120.00000    	 0.43283189E-01	 0.23877177E-03
  120.00000    	  135.00000    	 0.25873539E-01	 0.18566718E-03
  135.00000    	  150.00000    	 0.16032264E-01	 0.15175160E-03
